DIGIT NAME:   vpetras
MAP DATE:     Sun Feb 19 22:56:43 2017
VERTI:
C  1 1
 20.10795595  60.54319764
 1     1
C  1 1
 51.86024171  61.9113356
 1     2
B  10
40.0278379309 74.22082728
40.0278379309 62.1579269574
40.0278379309 55.8642398326
40.5523118579 46.7733584301
34.0838000908 42.5775670136
16.9509851399 45.1999366489
11.1817719422 58.8362587527
13.9789662199 72.1229315717
20.2726533447 75.9690737035
40.0278379309 74.22082728
B  12
37.3774872156 78.2907419083
38.0278379309 75.22082728
41.0278379309 61.1579269574
42.0278379309 56.8642398326
37.5523118579 45.7733584301
47.7201221945 39.7803727359
63.6291646489 52.3677469855
69.573202489 61.9831023151
64.3284632183 67.9271401551
57.6851268088 76.3187229882
45.7970511286 77.7173201271
37.3774872156 78.2907419083
L  3 1
23 30
23 23
23 9
 1     3
L  2 1
65 23
20 23
 1     4
